%YAML:1.0
---
model_type: PINHOLE
camera_name: camera
image_width: 800
image_height: 400
distortion_parameters:
   k1: 0
   k2: 0
   p1: 0
   p2: 0
projection_parameters:
   fx: 529.2496538273606
   fy: 529.4013679656194
   cx: 412.4733148308946
   cy: 172.1405434152354
